function cmap = cmapang2

% function cmap = cmapang2
%
% based on python colormap cmocean.cm.phase. We force to output 64 color entries

cmap =  [0.65830839,  0.46993917,  0.04941288,  1.       ; 
        0.68202136,  0.45473169,  0.08012016,  1.        ;
        0.70431786,  0.43907845,  0.10699517,  1.        ;
        0.72526944,  0.4229656 ,  0.13251465,  1.        ;
        0.74493331,  0.40637417,  0.15773944,  1.        ;
        0.76338009,  0.38925347,  0.18328511,  1.        ;
        0.78065771,  0.37154441,  0.20957589,  1.        ;
        0.7967887 ,  0.3531798 ,  0.23696846,  1.        ;
        0.81179819,  0.33404359,  0.26587588,  1.        ;
        0.82561976,  0.31407849,  0.29664376,  1.        ;
        0.83816527,  0.29320573,  0.32969754,  1.        ;
        0.84925798,  0.271433  ,  0.3654034 ,  1.        ;
        0.85865302,  0.24886721,  0.40408472,  1.        ;
        0.86602208,  0.22583824,  0.44588462,  1.        ;
        0.87098945,  0.20297489,  0.49076991,  1.        ;
        0.87314617,  0.18145087,  0.53831523,  1.        ;
        0.87212051,  0.16311606,  0.58772749,  1.        ;
        0.86764042,  0.15048902,  0.63781322,  1.        ;
        0.85959126,  0.14610411,  0.68713531,  1.        ;
        0.84802725,  0.151228  ,  0.73425792,  1.        ;
        0.83314074,  0.16504519,  0.77795162,  1.        ;
        0.81520674,  0.18529984,  0.8173214 ,  1.        ;
        0.79452221,  0.20956155,  0.85181255,  1.        ;
        0.77138711,  0.23590759,  0.88121001,  1.        ;
        0.74605416,  0.26305276,  0.90551523,  1.        ;
        0.71872441,  0.29018932,  0.92487515,  1.        ;
        0.68954004,  0.31683282,  0.93950919,  1.        ;
        0.6585817 ,  0.34270817,  0.94964883,  1.        ;
        0.62587028,  0.36767197,  0.95549023,  1.        ;
        0.59137558,  0.39165796,  0.95716013,  1.        ;
        0.55503553,  0.41463494,  0.95469733,  1.        ;
        0.51679107,  0.43657133,  0.9480546 ,  1.        ;
        0.4766414 ,  0.45740521,  0.93712777,  1.        ;
        0.43470921,  0.47702789,  0.92181355,  1.        ;
        0.39135965,  0.49526422,  0.90211298,  1.        ;
        0.34727404,  0.51189765,  0.87824049,  1.        ;
        0.30349563,  0.52671371,  0.850711  ,  1.        ;
        0.26137462,  0.53956563,  0.82033882,  1.        ;
        0.22240777,  0.55042993,  0.7881269 ,  1.        ;
        0.18798525,  0.559427  ,  0.75507843,  1.        ;
        0.15908609,  0.5667963 ,  0.72202241,  1.        ;
        0.13594077,  0.5728486 ,  0.68949881,  1.        ;
        0.11780654,  0.57791235,  0.65773233,  1.        ;
        0.10306647,  0.58228997,  0.62665504,  1.        ;
        0.08971045,  0.58623342,  0.59592884,  1.        ;
        0.07612479,  0.58991213,  0.56503394,  1.        ;
        0.0619185 ,  0.59340214,  0.53333422,  1.        ;
        0.04921604,  0.5966811 ,  0.50015326,  1.        ;
        0.04443493,  0.59963093,  0.46486083,  1.        ;
        0.05581118,  0.602048  ,  0.42692261,  1.        ;
        0.08420725,  0.60365154,  0.38588376,  1.        ;
        0.12449245,  0.60407182,  0.34144376,  1.        ;
        0.17288933,  0.60282333,  0.29345953,  1.        ;
        0.2277243 ,  0.5992661 ,  0.24226845,  1.        ;
        0.28744157,  0.5926986 ,  0.18971848,  1.        ;
        0.34819992,  0.58291315,  0.14064888,  1.        ;
        0.40445559,  0.57080794,  0.10132027,  1.        ;
        0.4534856 ,  0.55764124,  0.07471025,  1.        ;
        0.49593391,  0.54409086,  0.05984497,  1.        ;
        0.53348418,  0.5302918 ,  0.05354753,  1.        ;
        0.56755497,  0.51616998,  0.05206276,  1.        ;
        0.59923405,  0.5015482 ,  0.05230503,  1.        ;
        0.62929859,  0.48621458,  0.05209094,  1.        ;
        0.65830839,  0.46993917,  0.04941288,  1.];        

